1000 9903
410 943
161 99
826 375
954 800
648 587
464 476
198 685
380 192
381 633
555 236
163 323
150 916
781 866
424 521
238 115
815 455
508 833
877 906
470 288
948 742
834 95
891 18
412 776
950 873
133 321
615 825
873 652
503 473
677 260
382 538
626 364
4 178
758 337
932 646
541 501
528 572
446 619
151 18
317 774
377 107
909 450
821 662
715 447
847 650
338 390
836 665
692 613
474 838
805 130
53 941
667 161
671 745
395 802
309 936
201 23
489 514
406 166
444 493
743 203
568 905
842 232
550 553
352 116
831 868
597 514
567 174
879 616
224 62
166 945
461 831
474 941
817 47
763 983
287 903
953 607
827 114
486 70
43 419
962 663
471 91
310 223
370 330
907 395
710 604
253 415
256 7
419 629
642 194
154 746
360 475
332 865
25 639
466 731
160 978
603 38
731 109
772 569
475 683
593 12
81 304
394 415
59 23
941 987
502 819
412 47
146 511
790 956
437 652
845 319
276 526
316 563
373 526
801 185
159 947
91 537
511 688
256 754
647 926
156 91
32 105
150 359
329 569
976 246
475 352
759 255
781 505
268 652
293 47
353 284
247 952
36 301
758 557
661 992
848 553
903 699
460 679
767 310
21 223
198 119
308 979
681 95
899 16
559 26
784 848
417 793
625 426
948 48
596 29
150 955
236 732
438 800
974 918
443 90
335 216
211 486
49 455
819 743
692 671
6 870
435 750
900 940
723 3
745 479
504 459
784 141
859 579
163 216
201 365
911 580
34 343
660 391
692 235
43 399
650 701
599 754
682 484
656 358
287 385
578 907
975 703
464 247
710 723
466 556
820 995
413 83
966 865
660 84
845 112
132 493
315 945
764 128
51 727
324 545
808 954
920 808
647 335
467 775
982 186
935 208
759 268
926 422
87 499
824 179
695 752
806 596
792 864
13 913
344 280
101 216
329 580
130 623
174 774
812 963
887 25
467 466
285 605
371 627
260 141
119 594
142 361
736 776
645 382
387 2
783 480
355 487
417 948
435 447
993 377
577 378
61 329
390 897
432 614
865 167
666 432
940 567
927 331
892 932
896 693
344 626
663 477
651 445
675 307
948 997
222 518
480 481
721 578
577 934
634 561
400 222
52 217
91 374
491 688
830 955
963 298
87 33
432 162
254 913
115 493
741 353
319 223
569 720
399 343
629 540
78 139
212 768
359 588
676 611
788 37
55 614
941 513
800 635
506 660
894 547
454 732
57 134
155 529
379 127
130 849
298 11
232 12
949 296
328 538
575 418
192 649
284 89
195 558
490 930
752 465
270 28
126 258
937 353
169 143
657 866
143 647
570 657
809 959
683 914
526 124
416 136
142 325
291 525
255 452
572 394
865 624
312 624
351 945
465 770
728 184
770 933
114 791
939 714
174 965
1000 972
748 90
172 624
865 338
153 97
18 305
580 675
192 228
266 599
340 292
72 922
514 337
148 599
3 204
723 221
425 502
391 333
512 818
144 406
453 148
571 273
20 521
663 481
405 465
552 418
633 185
125 493
534 481
917 487
404 142
41 716
180 629
715 828
189 993
718 602
742 215
634 964
375 538
160 745
231 598
402 105
208 293
815 898
465 138
29 777
910 946
655 13
147 322
901 725
557 371
561 880
564 561
450 145
588 399
113 873
609 620
928 460
621 721
214 233
474 138
886 735
747 51
821 160
973 293
756 907
649 503
835 284
798 656
530 306
217 981
40 570
293 296
369 178
337 315
565 220
586 789
697 332
860 1000
830 144
70 805
622 790
468 781
792 743
98 178
763 332
601 25
378 930
143 520
934 781
774 524
334 969
283 413
838 425
696 498
951 586
511 211
421 295
652 421
638 691
487 720
793 713
490 493
582 76
614 381
818 366
585 73
34 449
714 303
257 38
836 862
923 35
50 599
953 606
590 869
771 973
432 155
180 585
291 359
972 541
912 549
292 639
244 336
500 762
618 421
530 963
175 930
713 463
141 846
630 989
632 249
81 847
703 893
6 487
160 511
764 893
47 345
114 95
668 635
759 777
17 591
365 119
333 665
405 764
192 939
593 301
629 947
86 162
142 112
90 289
290 959
646 448
216 33
252 525
504 914
740 266
348 611
627 920
904 925
373 976
725 43
283 456
416 727
57 747
961 845
725 156
619 873
670 887
867 194
821 745
951 686
666 298
888 630
154 454
706 571
922 124
875 144
165 710
97 240
885 87
226 468
13 274
107 443
948 659
481 422
253 894
24 72
713 56
279 657
138 263
525 665
879 764
943 227
614 123
656 359
3 704
479 531
685 996
817 308
216 889
955 418
465 210
290 287
995 362
312 315
332 134
258 801
996 237
923 184
871 735
765 440
792 244
367 908
902 137
523 324
158 425
587 521
95 886
740 121
748 435
541 120
967 569
341 146
142 989
470 510
860 690
534 823
132 147
423 908
820 32
96 926
61 900
317 506
503 275
839 405
290 818
916 994
978 827
812 851
635 464
885 70
285 717
126 709
291 528
643 455
718 905
615 515
765 649
213 795
72 641
325 52
278 233
482 780
801 640
164 192
184 766
758 184
118 795
637 809
763 594
981 407
395 796
136 970
953 986
383 429
97 28
776 593
279 358
84 782
729 471
591 65
349 510
461 740
262 479
943 956
128 991
561 399
852 378
435 890
720 980
183 232
793 76
470 636
785 720
7 601
594 949
537 87
349 561
595 841
308 3
798 366
46 531
693 604
435 701
513 206
876 806
883 66
405 880
9 447
135 299
154 242
51 788
358 688
651 528
609 726
812 461
119 445
502 559
871 626
160 940
806 347
310 934
259 944
812 348
885 818
100 94
895 711
708 797
67 175
964 423
267 593
713 737
864 627
89 991
811 28
872 30
502 713
180 69
734 932
777 237
905 32
82 867
726 216
593 373
647 592
908 481
892 295
14 119
583 655
23 980
520 472
739 172
264 150
468 926
825 475
365 498
95 153
867 112
209 782
804 615
986 590
364 174
58 769
939 700
286 881
325 789
222 167
350 376
210 727
463 187
250 308
433 380
605 510
588 748
208 731
576 236
896 739
736 482
18 609
993 501
956 255
116 332
936 883
210 904
637 559
728 757
988 191
1 163
63 549
64 717
780 147
106 88
36 355
384 196
738 517
867 891
962 689
837 351
515 619
334 251
781 478
390 57
158 37
470 779
841 741
54 202
241 465
524 276
560 75
561 230
817 380
211 989
802 8
854 955
77 60
370 6
127 426
320 799
158 199
787 277
632 951
649 276
546 116
12 824
271 29
77 798
741 938
251 87
437 694
955 825
631 264
613 781
118 485
248 529
998 889
948 315
428 970
242 385
189 134
660 269
763 97
321 54
765 563
277 803
593 738
679 437
359 962
450 709
235 857
146 202
114 598
957 242
498 761
182 772
869 966
361 771
359 312
805 430
364 146
292 375
829 56
190 530
356 894
585 524
434 32
218 891
148 790
83 315
410 9
457 18
282 79
466 480
203 318
487 442
342 649
386 161
763 291
776 617
753 822
275 875
892 645
142 906
210 108
158 724
988 131
810 987
23 538
893 794
766 24
521 801
668 944
172 71
817 190
821 324
492 804
82 661
229 3
781 246
712 35
243 305
15 696
676 710
207 224
498 484
565 714
693 261
986 305
513 935
626 1000
536 448
603 56
459 352
152 376
116 681
686 757
931 764
676 788
75 336
938 222
575 7
69 882
632 410
859 368
346 805
699 747
596 645
977 909
392 5
554 401
847 820
773 945
528 892
716 749
531 131
31 888
739 228
982 344
827 665
847 586
808 314
450 28
277 537
350 417
429 814
732 649
144 162
643 136
130 461
278 189
796 954
589 993
408 582
46 56
853 680
432 380
129 316
862 318
908 2
802 541
291 177
202 685
184 944
974 775
520 522
482 685
965 574
513 455
876 541
519 297
222 699
650 552
577 984
797 903
926 309
358 427
968 459
200 85
897 977
202 911
875 620
200 164
203 711
89 995
116 888
542 884
682 635
384 439
737 508
556 80
495 484
220 605
60 938
811 162
690 402
243 484
281 711
105 267
180 499
857 277
493 148
683 492
632 500
66 486
29 18
527 279
142 819
90 480
611 585
322 143
398 72
555 71
648 867
593 171
48 899
838 554
271 363
94 330
753 979
536 519
540 983
597 777
380 614
160 299
757 940
478 199
373 947
523 912
145 965
143 579
809 99
612 80
677 60
733 129
212 213
733 373
351 642
505 310
970 1000
555 906
689 832
893 736
513 434
343 643
992 159
721 567
404 773
331 815
637 985
659 856
277 800
533 800
606 686
955 114
918 890
81 801
138 312
283 817
56 673
510 402
404 91
833 959
707 898
194 627
924 73
436 692
54 239
20 939
82 284
390 237
546 143
565 657
305 543
306 980
716 547
954 920
194 789
288 299
91 135
863 557
357 328
921 820
273 531
9 233
348 269
621 380
342 103
324 918
709 819
599 325
30 704
839 346
659 16
915 122
296 490
556 632
464 672
35 839
139 13
19 286
848 904
188 489
626 327
38 473
540 59
744 646
947 43
14 406
274 323
278 283
538 691
959 688
841 509
222 164
776 272
827 943
577 324
541 673
447 918
47 296
840 562
359 74
1 384
885 14
800 594
162 809
107 386
680 234
629 9
797 813
524 939
805 17
746 855
582 241
140 860
932 448
609 53
651 296
814 996
893 885
125 491
515 329
681 593
189 910
928 770
488 793
650 440
488 12
499 187
428 133
506 869
614 475
7 195
801 746
413 104
603 456
850 765
264 664
928 607
450 239
588 393
128 407
276 791
564 418
285 223
638 759
803 542
532 192
729 370
322 718
276 902
379 29
17 754
347 571
591 852
207 771
333 580
139 405
134 639
891 166
449 79
30 572
56 471
96 1000
969 993
717 943
757 578
933 669
195 925
473 867
584 267
592 295
204 981
528 575
247 977
469 471
753 884
599 27
782 887
208 10
491 16
843 327
899 57
101 849
796 855
780 364
585 924
362 271
434 944
835 183
528 323
588 608
261 818
23 823
540 451
516 596
634 661
83 137
847 203
336 539
337 374
79 900
798 389
603 639
403 757
159 181
440 521
718 348
632 29
405 213
372 280
30 162
73 669
220 164
149 208
120 352
584 239
395 368
159 491
147 499
183 497
669 394
45 496
450 320
237 904
55 571
593 240
668 710
84 209
682 212
330 363
730 827
802 412
877 961
556 915
264 787
742 930
502 647
360 252
712 401
877 841
309 120
368 679
150 951
952 79
311 980
647 522
651 591
436 343
535 997
302 632
673 356
123 429
307 34
937 191
442 775
95 67
649 243
354 91
122 239
913 198
848 925
441 453
973 779
444 63
586 368
89 696
737 740
204 735
723 953
45 733
49 282
813 540
16 874
329 122
202 456
535 30
989 423
761 95
300 941
505 484
547 500
784 994
383 280
774 717
572 791
828 362
187 82
377 336
10 505
638 145
175 765
496 850
685 192
319 454
926 314
141 269
547 163
395 446
976 567
902 323
500 681
618 859
96 374
81 230
582 618
806 702
220 687
883 25
798 18
609 569
42 362
781 965
752 891
768 240
18 499
881 345
17 413
792 246
100 11
871 927
855 165
345 164
181 982
488 860
648 917
284 449
554 483
664 351
629 958
758 420
882 807
539 458
846 762
208 698
501 331
963 570
515 613
563 182
320 179
84 340
122 3
813 908
782 13
179 120
723 631
795 130
979 481
897 378
930 883
1 665
553 468
330 71
444 195
822 275
467 162
710 162
658 777
752 116
457 295
539 54
316 389
676 357
808 53
58 572
115 517
723 194
619 117
582 123
699 317
681 346
258 445
760 317
172 347
814 94
157 681
395 252
45 826
499 384
818 308
547 206
625 774
129 57
132 904
684 333
810 912
686 263
40 131
673 676
999 324
825 609
3 657
480 706
941 459
245 974
569 612
533 425
881 906
348 457
590 186
546 140
726 401
76 451
39 201
973 1000
229 171
530 664
802 85
342 410
987 396
661 286
241 277
189 557
595 534
158 376
877 640
829 893
454 723
125 790
366 511
479 164
476 942
795 431
938 151
838 46
635 803
621 268
19 176
937 469
924 726
378 171
584 626
454 780
688 376
217 717
89 421
312 644
577 136
577 304
273 239
610 816
22 930
245 219
969 695
397 134
861 993
274 723
719 455
515 688
170 512
376 277
853 269
47 442
107 103
454 456
900 690
80 797
724 30
179 995
974 930
811 2
334 317
351 737
300 885
892 971
823 331
330 428
758 932
872 883
799 226
286 307
21 174
997 677
873 367
641 369
236 965
721 675
828 641
965 296
589 492
71 917
310 247
202 964
813 228
745 182
693 446
361 189
54 200
185 143
367 115
465 143
19 961
930 51
551 897
203 543
403 177
422 767
974 312
777 988
109 757
446 241
212 918
574 860
99 316
450 910
881 498
809 621
241 19
868 231
445 172
341 72
824 110
143 454
401 227
208 755
62 146
890 499
618 802
643 611
990 846
458 359
576 526
114 709
905 316
84 285
175 70
655 456
851 956
19 426
645 290
739 91
922 601
157 759
105 943
415 740
217 357
127 302
937 124
664 586
9 593
236 470
75 976
888 605
961 791
11 552
783 586
770 823
409 634
340 488
67 977
638 408
123 957
509 348
736 384
210 987
126 223
628 261
566 343
828 327
944 332
338 55
637 561
28 799
126 46
168 394
153 506
979 834
488 999
146 789
774 403
206 113
922 430
318 623
561 60
147 655
285 382
488 886
333 891
915 539
589 400
242 829
759 992
297 964
483 573
944 57
447 478
196 222
190 436
963 116
533 426
114 210
424 971
669 171
686 763
32 272
103 927
18 287
682 822
721 228
33 186
315 677
737 536
652 945
142 119
41 352
829 263
591 984
904 162
354 233
972 953
100 965
304 926
503 264
716 191
246 42
429 522
715 113
147 765
928 685
44 871
288 421
786 476
904 934
937 88
791 941
101 995
853 340
710 327
88 210
456 662
22 197
994 138
182 470
710 214
508 858
148 667
577 259
151 272
687 322
103 59
784 995
552 95
959 283
112 470
934 665
539 191
893 730
557 308
433 100
89 970
382 65
535 255
121 576
978 440
410 444
512 620
620 901
396 767
665 130
974 180
867 804
638 225
244 916
515 384
195 220
513 231
38 698
93 549
811 902
777 570
593 201
195 109
436 833
134 248
392 942
584 126
803 763
219 480
534 633
459 433
370 76
388 883
670 105
727 8
638 701
90 127
881 344
351 372
63 384
429 763
32 316
90 494
882 66
635 774
782 321
821 229
10 723
553 543
311 827
277 903
848 205
687 716
318 161
928 213
947 819
561 933
554 115
833 168
725 490
304 954
773 804
958 352
669 755
84 341
691 423
576 997
169 433
339 769
486 752
812 277
992 597
387 407
66 586
202 410
829 239
460 854
634 121
563 979
914 559
553 245
540 405
524 818
897 736
699 316
681 345
404 912
921 234
11 862
399 671
898 116
336 597
387 595
893 879
451 292
770 432
440 595
685 35
851 327
444 759
48 168
139 67
480 707
318 551
157 379
747 391
347 807
738 862
444 981
873 61
30 10
931 477
437 12
246 948
247 357
419 670
403 5
116 636
872 498
622 194
238 203
521 315
377 933
843 640
971 343
226 642
208 889
869 380
270 113
346 795
868 147
574 899
702 84
887 72
699 726
857 141
624 640
471 929
459 921
521 102
117 717
835 578
213 218
597 68
853 42
34 481
30 883
198 145
218 755
771 379
368 172
408 883
501 64
620 506
782 921
491 54
671 611
598 449
122 262
273 264
792 988
856 143
269 860
163 297
330 346
24 545
520 998
809 675
45 949
508 753
1 311
314 822
975 63
82 186
616 926
270 981
714 311
893 827
595 8
98 560
779 369
609 420
499 12
462 384
233 88
508 326
695 82
587 874
371 966
776 908
779 95
713 471
517 751
63 149
98 705
360 313
471 400
294 427
510 414
285 540
798 107
737 330
195 434
751 73
663 550
119 307
330 722
863 656
106 120
604 556
740 60
498 899
544 271
502 180
433 832
569 172
238 961
611 297
777 415
238 573
477 879
640 975
645 144
208 643
869 626
653 645
505 199
269 188
416 848
435 172
937 210
30 879
145 7
956 969
615 580
961 869
586 346
161 893
202 67
511 223
629 344
636 656
430 83
643 62
75 928
813 754
944 623
282 74
746 663
842 130
205 578
956 158
761 50
923 463
893 565
559 351
718 384
336 910
680 827
665 165
900 836
664 202
599 628
746 984
249 608
12 260
215 271
521 583
938 639
751 245
931 183
237 612
80 651
457 572
719 828
333 81
278 562
907 398
840 123
159 469
567 504
293 803
202 840
264 567
615 460
988 706
864 976
565 953
284 729
938 330
775 429
556 796
101 869
455 548
894 974
419 948
501 452
895 692
132 387
626 427
38 5
494 587
186 888
522 766
389 933
303 163
398 141
221 630
38 404
54 549
853 113
674 644
607 38
758 438
199 816
809 4
259 103
390 783
796 774
619 877
847 373
357 729
932 213
925 36
740 842
83 73
546 819
448 858
837 208
736 390
903 417
384 498
700 200
150 233
427 564
69 104
961 540
675 282
127 769
942 228
729 665
694 389
586 818
861 492
444 748
301 821
908 355
432 44
675 120
343 478
491 715
718 190
24 422
812 199
153 326
851 283
449 943
625 707
845 658
251 724
432 778
513 23
913 680
997 47
300 273
29 973
525 968
275 437
635 571
726 470
983 509
161 46
863 603
34 758
78 469
389 86
781 852
51 587
161 415
949 430
308 90
114 473
907 630
213 483
711 420
469 73
198 594
237 29
94 446
386 623
441 744
762 652
602 501
14 159
217 17
750 165
109 227
695 892
130 978
938 979
152 996
192 721
625 13
181 615
100 396
904 46
78 913
523 772
619 423
181 651
36 721
862 221
865 623
331 279
832 272
227 326
100 728
448 105
288 450
792 850
425 879
173 505
670 855
356 761
516 377
540 359
227 548
783 135
740 878
361 651
953 847
268 513
669 606
790 106
791 263
50 825
785 426
60 390
461 881
617 747
817 25
563 717
413 974
90 621
89 854
520 696
888 82
525 697
174 473
656 296
965 306
676 827
716 888
72 49
632 87
372 338
833 975
358 293
362 680
437 154
345 153
963 190
820 605
87 110
464 103
217 689
570 247
418 360
863 558
912 628
116 637
576 940
953 86
954 761
190 175
742 616
656 771
142 786
894 951
200 671
511 529
919 750
761 782
743 938
48 979
857 355
218 303
972 116
539 571
672 152
998 800
625 88
312 791
378 912
388 404
964 459
1000 644
770 668
91 757
828 975
43 630
748 177
643 302
736 809
37 28
956 806
938 745
279 51
563 252
430 453
144 862
821 700
457 489
990 29
847 700
297 368
658 875
74 98
520 792
731 188
681 848
236 658
856 647
667 840
634 269
123 768
534 152
171 994
979 59
706 769
931 956
168 400
372 144
64 705
581 36
286 320
987 501
718 327
3 638
478 796
729 834
569 533
841 792
440 735
132 534
784 488
409 83
314 363
298 660
214 256
270 534
510 623
194 891
565 867
808 1000
381 386
394 361
830 345
647 381
320 642
617 172
266 296
548 710
271 25
814 166
78 525
544 657
983 282
674 106
830 537
192 635
744 952
561 678
624 606
877 900
401 225
114 368
795 945
333 978
652 798
232 100
566 512
777 495
790 198
654 103
606 380
614 859
338 606
711 35
811 214
770 531
496 286
244 596
687 74
874 719
876 113
198 13
273 346
37 129
793 547
572 137
301 413
672 735
69 129
701 860
595 457
889 228
226 571
340 692
415 58
589 731
383 758
22 392
979 983
31 106
694 446
605 17
128 923
539 729
166 939
975 387
478 873
727 546
931 41
54 904
550 781
367 435
149 108
25 182
776 986
427 774
782 560
836 234
50 547
470 952
966 605
905 893
863 819
755 986
93 735
189 768
633 442
542 796
724 615
746 251
654 910
125 238
119 496
319 18
877 548
949 183
91 83
721 56
404 380
685 669
618 320
232 27
820 900
587 915
659 510
322 156
200 505
428 537
947 571
233 631
677 750
660 924
744 5
670 301
104 228
432 399
570 897
400 687
759 471
227 254
906 399
650 620
551 491
40 539
900 161
114 660
796 498
565 315
948 181
236 937
916 971
26 581
454 119
506 141
402 320
635 273
463 157
596 470
173 515
283 463
395 521
32 845
967 409
992 587
499 105
369 524
226 143
999 776
378 818
343 804
19 678
719 441
260 580
466 305
653 27
559 285
642 300
182 541
794 147
244 846
830 717
45 875
374 729
430 223
325 11
236 730
97 100
407 757
799 67
125 334
236 617
384 354
420 352
745 449
162 299
469 925
552 383
664 601
646 817
422 889
738 534
595 195
500 773
498 275
283 818
110 572
158 930
771 556
19 351
638 118
395 256
721 890
318 664
770 288
718 89
315 582
816 993
555 268
828 792
722 503
150 884
492 441
683 480
907 536
910 649
521 366
436 714
137 149
530 484
469 72
161 271
218 328
934 386
536 877
548 98
213 83
417 213
958 407
136 42
515 614
473 815
535 635
38 433
494 727
334 872
522 610
965 586
639 551
700 681
627 891
22 901
978 967
726 893
984 76
32 873
549 924
75 781
248 455
841 342
696 431
352 357
923 360
626 899
526 486
875 115
468 315
553 251
478 628
615 877
849 107
973 981
931 818
932 89
864 383
907 493
922 83
68 263
876 494
128 980
595 110
688 34
138 341
174 367
505 532
1 203
77 416
594 202
448 177
944 485
400 223
504 348
915 740
897 49
951 226
526 34
746 160
72 399
581 510
58 238
223 744
977 508
371 925
318 692
229 71
180 701
806 729
418 246
223 633
333 489
775 214
264 752
691 811
633 399
489 699
367 830
115 273
155 614
56 225
698 272
517 828
76 220
354 474
315 832
137 32
449 502
143 126
858 669
762 574
375 481
130 986
666 824
134 550
284 87
345 306
365 348
352 965
846 725
485 835
882 575
616 437
890 188
247 969
527 811
565 484
517 257
520 59
353 350
634 185
230 516
635 605
348 998
600 120
123 549
35 391
805 151
758 153
64 437
801 784
969 406
904 519
841 172
474 911
755 562
679 992
371 317
27 601
232 725
874 172
638 349
358 139
399 765
236 945
202 737
188 588
561 430
689 241
998 69
33 629
894 58
841 910
149 825
186 93
158 927
430 608
785 695
989 107
188 658
82 365
444 772
30 213
180 738
282 474
788 481
24 579
542 176
525 958
830 415
894 359
946 803
919 958
549 594
963 42
108 915
471 259
630 546
185 110
461 297
427 217
263 631
301 704
450 26
803 514
995 490
522 998
239 810
891 205
730 69
313 387
322 243
566 406
915 410
994 673
721 415
338 829
467 547
120 54
363 509
627 533
867 2
373 853
853 91
710 444
910 18
605 650
108 486
38 505
246 124
304 723
781 351
855 658
624 908
382 620
678 169
859 503
689 704
877 455
680 797
473 513
852 251
50 13
914 482
609 139
619 62
349 289
847 38
188 993
500 947
585 115
932 480
44 156
573 498
390 508
653 442
451 254
452 77
680 488
405 209
488 889
604 95
148 181
314 157
958 578
6 191
836 122
875 532
586 577
59 707
722 129
232 141
712 183
877 547
732 298
919 962
21 643
370 39
99 639
280 259
635 529
637 227
802 408
207 973
423 128
794 820
526 595
412 183
308 64
807 30
275 121
872 91
433 785
935 186
217 59
659 76
881 108
517 657
203 120
44 8
423 631
65 127
49 850
662 474
951 785
346 576
476 695
179 96
675 812
553 339
348 633
826 825
278 340
743 544
855 682
360 715
576 779
577 486
492 698
729 291
362 476
507 669
261 318
921 497
723 957
870 572
743 262
781 37
783 683
533 708
917 613
993 455
97 10
11 678
379 992
654 444
606 917
718 627
666 470
387 747
562 39
414 304
372 90
157 626
547 214
913 544
456 85
628 926
900 826
716 854
932 363
112 995
499 198
82 473
637 308
486 448
200 169
842 632
850 927
924 698
665 52
105 236
983 153
181 143
474 443
201 157
603 490
252 244
785 921
256 361
315 916
973 52
901 279
464 12
198 861
513 823
308 181
510 823
294 320
28 477
579 18
502 743
217 885
579 163
337 572
655 254
401 287
476 885
627 687
421 212
976 405
759 442
562 978
9 978
928 232
32 29
730 172
460 397
853 162
213 195
217 128
456 840
750 947
173 725
580 387
605 754
307 435
745 983
744 574
139 730
218 653
827 553
973 811
776 377
178 15
325 204
926 862
630 680
165 740
866 851
480 154
478 629
942 36
983 648
73 29
867 615
962 901
689 891
306 397
776 417
137 905
101 472
854 782
712 819
505 539
822 296
8 278
76 650
922 370
101 297
634 310
879 286
438 464
617 779
505 885
845 653
2 583
742 189
101 11
29 830
397 826
968 202
954 933
350 746
708 244
33 404
587 973
659 456
440 402
150 785
778 454
137 470
637 171
677 955
307 930
255 824
54 445
935 28
441 808
372 784
526 523
602 181
18 354
868 208
192 529
438 161
709 869
900 122
186 830
208 666
94 388
139 792
156 922
468 932
986 985
550 238
934 137
614 957
800 934
338 632
264 363
840 970
416 678
127 310
199 869
882 553
776 134
941 11
890 44
486 659
325 799
1 761
610 191
705 145
174 972
657 22
770 815
808 134
827 930
59 284
614 622
886 451
389 953
438 880
919 423
305 13
92 499
241 911
883 488
331 881
150 151
409 31
662 175
729 678
725 148
399 764
236 946
258 268
166 909
104 482
15 908
287 939
254 218
88 999
741 684
379 615
968 8
884 228
764 626
414 181
850 32
538 649
336 481
284 577
930 79
949 849
612 701
426 254
873 175
124 503
73 855
699 999
648 627
812 318
797 398
484 927
13 671
803 517
147 41
976 63
631 401
812 717
68 621
330 628
848 249
113 290
469 15
308 387
346 762
393 395
506 4
306 531
697 341
868 298
743 686
729 36
457 717
877 164
424 446
499 994
575 685
1000 625
127 298
292 381
476 498
666 686
361 918
876 115
14 742
18 669
374 492
498 508
80 751
737 844
882 480
22 172
373 136
729 480
213 575
102 201
747 4
639 50
535 215
158 184
261 846
82 157
710 795
73 422
880 562
666 149
334 63
410 867
638 201
931 43
419 287
63 980
476 401
836 212
34 919
309 372
756 387
278 561
464 906
449 625
110 256
312 439
573 836
178 10
461 234
618 319
926 12
910 913
656 528
911 504
894 640
38 636
664 59
114 206
388 923
432 591
273 589
953 35
716 450
631 452
479 875
48 703
878 103
761 859
759 288
355 934
925 462
401 566
855 781
233 518
699 737
403 284
706 223
635 239
467 593
284 105
344 260
416 913
473 160
38 56
810 33
42 183
249 393
467 574
217 171
878 304
900 50
28 149
624 858
292 258
627 865
352 637
120 521
887 339
735 911
100 694
528 687
766 531
487 246
870 573
451 641
268 121
235 246
608 524
865 147
828 1
226 495
893 450
746 758
339 52
912 44
733 412
951 325
516 422
667 818
624 373
953 673
934 748
187 105
778 335
230 9
124 516
620 897
650 722
653 477
654 846
292 523
993 898
300 494
323 919
675 202
180 564
262 649
864 145
404 60
271 780
310 802
208 228
171 488
512 428
519 235
998 590
693 148
622 298
399 25
312 177
540 617
706 253
545 389
769 733
347 457
228 348
907 619
368 343
22 718
518 323
955 871
868 140
281 916
680 945
744 925
450 869
70 698
824 42
660 656
556 545
759 42
181 701
899 969
312 749
117 358
562 565
744 656
75 190
334 921
481 379
689 702
619 957
670 715
783 488
967 383
848 525
117 440
135 553
14 114
622 563
311 360
857 738
550 655
612 157
596 57
745 641
301 483
283 632
269 645
54 677
241 994
484 389
738 278
524 957
442 43
410 365
896 572
92 415
978 408
653 368
380 642
417 392
254 191
811 568
372 302
875 689
843 118
974 7
654 981
923 655
897 160
804 866
774 238
43 368
155 858
410 630
287 613
55 713
333 487
320 778
797 312
856 876
718 159
358 570
977 156
336 36
834 831
138 870
450 52
825 32
203 852
499 167
6 305
925 5
824 232
860 766
815 554
427 413
47 924
29 353
360 840
677 565
4 929
902 910
890 472
304 971
553 648
825 371
331 214
149 246
450 760
880 365
843 115
919 318
977 745
726 812
730 419
255 460
330 21
147 569
611 124
564 715
50 455
736 667
499 551
102 448
292 709
491 187
331 479
6 762
44 585
600 233
601 336
430 170
343 607
309 859
314 835
582 88
344 598
219 578
784 46
858 823
34 437
182 229
239 508
759 88
370 637
645 943
278 712
854 811
414 816
832 729
157 426
471 78
978 158
318 711
104 719
985 842
656 678
453 720
989 574
390 195
764 994
232 147
399 653
768 927
261 163
77 53
663 786
977 111
794 943
102 584
587 1000
208 59
704 848
816 826
748 701
86 956
697 9
935 3
792 307
132 316
774 66
212 514
674 784
312 984
350 880
942 852
872 240
527 506
266 276
902 618
526 774
503 291
352 995
805 454
792 751
463 838
283 484
545 905
883 907
422 403
852 150
252 822
166 482
148 587
170 993
10 651
84 111
69 253
508 819
406 204
870 993
379 966
932 12
406 191
174 203
32 736
687 370
897 812
898 31
611 596
987 421
276 270
3 462
409 875
543 200
135 794
196 37
54 911
628 32
441 314
850 38
558 271
284 896
929 477
909 671
916 205
813 195
724 610
964 177
140 563
803 373
418 205
368 864
516 918
556 107
439 609
904 258
487 853
241 327
532 115
275 10
189 592
321 344
108 512
234 711
53 129
535 797
882 91
55 983
812 690
691 515
713 819
310 643
994 720
329 669
584 544
447 146
424 381
901 245
425 196
209 685
122 134
618 771
94 224
403 765
515 281
202 129
810 320
169 88
210 628
838 370
431 184
70 904
457 469
293 167
187 684
658 733
771 452
809 153
169 378
616 685
746 612
947 263
804 388
608 525
805 173
862 406
754 775
378 531
770 135
667 553
611 995
724 194
136 939
452 909
608 875
112 602
483 785
697 353
693 686
611 705
427 726
173 677
50 627
548 246
842 1000
127 611
8 879
426 514
91 402
474 278
717 378
440 666
828 565
561 36
863 19
197 514
828 932
423 754
849 108
305 358
137 631
637 133
199 430
206 530
262 736
13 678
970 643
403 458
99 379
355 965
350 76
947 649
86 87
549 581
554 493
757 738
595 816
217 21
481 335
735 191
866 442
539 448
63 827
618 871
69 625
236 230
256 838
369 963
738 689
703 418
264 369
49 973
502 161
852 486
177 480
714 969
681 128
184 424
972 385
813 899
245 193
924 316
156 854
729 140
88 4
306 71
215 108
472 355
53 714
828 192
791 972
835 792
153 570
145 348
53 891
330 208
583 33
279 78
567 511
942 443
908 255
835 937
430 143
527 615
571 415
780 385
563 819
947 400
783 830
964 248
419 107
906 635
176 788
953 700
92 408
275 936
516 554
187 116
280 786
561 391
876 317
675 395
35 40
219 775
465 507
373 37
979 750
214 393
780 690
349 954
613 349
6 133
959 289
390 228
452 421
806 732
937 771
475 972
169 681
77 16
495 257
426 280
209 152
519 133
726 391
233 786
255 853
25 574
959 7
691 861
708 773
360 171
424 771
259 969
705 521
209 442
289 354
660 855
458 619
789 565
95 850
795 568
337 542
621 262
397 764
215 597
809 644
988 472
189 378
62 248
583 846
235 740
518 703
958 438
778 536
943 454
928 101
221 698
313 695
478 27
562 726
502 141
909 323
530 120
936 319
529 432
108 163
572 370
455 654
645 490
313 913
558 965
532 58
817 638
514 439
509 449
329 59
205 968
847 297
463 48
73 174
398 645
844 973
205 601
760 496
904 522
335 234
391 324
732 878
165 535
426 809
101 617
505 580
35 119
167 505
115 773
576 305
633 320
176 911
874 58
983 908
133 575
426 587
337 156
815 624
129 695
894 392
219 144
336 340
137 645
784 492
586 552
309 399
755 115
96 308
148 828
765 22
267 919
52 423
289 947
16 661
55 556
781 950
964 380
802 115
724 214
322 44
621 712
603 69
878 73
290 718
935 2
940 404
924 817
474 593
718 643
342 154
513 750
522 876
954 520
981 817
708 543
808 665
962 119
186 865
498 527
322 533
29 501
378 201
551 460
643 617
80 435
485 868
236 46
368 126
847 638
406 368
861 942
187 643
501 47
672 501
857 831
253 670
549 81
161 880
314 514
296 9
403 815
945 428
908 816
31 931
676 340
474 844
735 843
738 253
611 889
153 817
64 404
939 893
607 752
968 444
182 420
947 456
658 621
91 681
440 818
482 641
149 7
387 942
637 700
733 223
879 739
989 383
24 335
812 216
888 142
262 185
120 248
229 442
780 830
512 676
203 723
595 777
758 727
655 547
858 477
716 214
241 501
607 982
224 645
744 476
107 553
792 114
404 376
195 405
733 653
147 214
310 614
403 64
977 219
545 511
927 765
622 255
643 790
534 945
4 836
639 856
160 202
507 229
659 224
164 642
271 238
790 842
854 77
394 743
795 913
83 931
209 684
653 595
208 357
332 696
865 725
316 811
744 694
88 954
14 422
587 416
364 95
256 921
444 54
728 121
692 988
396 177
255 20
990 217
266 645
352 460
580 748
490 54
201 57
274 823
519 515
6 594
796 592
101 417
339 276
694 414
272 427
566 964
172 396
10 371
395 439
987 305
550 813
426 515
609 541
318 525
907 80
301 833
302 903
720 547
202 774
584 50
919 456
223 513
580 884
561 806
506 535
773 473
96 619
557 434
651 821
765 335
570 847
163 446
741 166
30 349
108 613
345 173
551 165
318 216
981 888
583 724
964 618
126 897
535 913
850 683
407 366
636 162
434 348
773 925
66 819
71 394
468 899
382 713
163 765
820 887
406 329
355 307
840 977
235 793
890 23
563 231
841 457
633 273
79 911
843 183
61 238
898 853
782 822
793 659
974 734
101 658
266 697
913 854
309 837
330 288
740 875
895 457
607 453
446 49
991 954
426 818
604 333
680 133
846 310
680 544
101 453
619 392
638 180
231 838
569 915
567 232
326 606
332 543
296 541
525 692
283 777
365 724
328 910
400 619
720 624
183 272
224 879
423 257
776 918
135 397
620 645
215 163
91 497
202 826
546 135
983 190
252 164
552 524
82 679
229 212
232 200
604 800
54 257
974 806
459 339
349 859
333 374
171 103
618 644
12 781
419 789
42 472
963 848
985 296
768 322
458 616
938 158
151 607
445 894
119 75
85 215
553 637
166 56
406 523
329 267
143 280
56 434
700 619
494 516
186 829
796 54
815 266
874 818
263 979
605 674
716 253
165 65
312 651
934 462
403 564
706 295
175 24
909 375
839 1
397 314
878 601
516 36
98 23
300 703
810 990
65 326
884 525
994 221
960 469
392 791
67 877
430 57
35 395
787 632
257 901
700 431
611 860
409 194
272 70
164 124
516 489
754 844
171 840
862 545
415 77
140 852
604 337
297 879
352 210
505 564
345 783
914 958
404 144
261 521
888 115
945 988
454 836
931 129
988 982
129 143
862 939
668 980
461 114
816 238
572 721
730 525
315 533
821 355
988 756
370 63
691 779
564 571
87 254
381 413
313 165
132 431
379 164
271 100
935 61
377 587
471 637
204 152
152 515
962 108
98 72
198 442
90 339
971 198
809 743
152 848
445 243
467 551
85 92
783 159
967 146
312 824
352 997
616 262
249 355
122 211
882 761
95 228
408 806
995 938
8 160
248 549
887 295
108 113
791 902
938 694
65 290
981 174
787 361
58 925
538 483
334 582
995 648
101 857
227 530
654 309
322 802
415 259
676 986
329 70
956 967
130 401
149 691
23 222
960 160
64 405
282 84
46 37
927 356
931 865
530 893
334 352
136 945
690 456
943 910
37 940
487 258
269 125
758 923
301 186
513 498
76 894
607 674
280 843
689 17
983 915
630 906
385 510
25 185
244 299
137 599
524 165
765 215
972 535
150 702
868 704
980 726
506 897
548 434
293 813
58 162
96 465
439 611
155 772
929 317
824 469
107 819
698 498
147 360
12 699
190 270
962 319
111 176
393 1000
67 193
256 304
96 575
13 640
12 981
217 797
234 709
109 527
754 12
88 364
562 859
7 594
535 471
90 388
109 104
591 816
36 968
670 417
860 855
702 22
83 930
744 168
319 546
639 697
565 262
680 560
109 138
242 472
866 263
54 570
868 457
743 719
179 100
562 671
834 344
999 950
514 602
370 839
718 810
130 339
1000 23
900 339
494 798
740 530
959 752
103 12
255 533
259 250
387 305
192 183
44 531
227 927
498 21
895 468
399 787
348 953
349 400
922 120
559 269
486 11
197 204
408 365
444 635
690 383
90 659
897 959
628 407
367 365
281 146
158 840
395 438
880 672
497 524
958 659
319 351
945 996
160 700
859 890
202 775
81 222
190 456
228 795
639 63
711 862
440 248
660 232
522 201
660 95
475 787
355 745
137 446
891 427
923 415
621 766
431 553
470 42
403 95
955 666
959 114
164 698
160 888
440 216
762 551
579 167
288 28
640 289
380 370
626 118
809 686
871 152
209 638
269 284
701 505
792 523
99 91
339 552
952 849
402 270
496 125
510 248
463 907
464 987
763 145
946 339
471 992
383 224
810 290
204 533
281 263
874 753
969 643
662 750
738 64
757 804
687 9
840 688
331 619
506 686
157 927
140 83
268 24
914 550
712 601
876 340
510 46
900 996
325 575
931 902
367 272
757 408
111 799
202 601
993 818
280 899
300 62
358 332
641 414
56 682
93 657
951 890
229 497
345 716
366 826
292 697
844 490
246 796
210 478
102 720
162 157
144 110
350 750
974 292
835 126
484 16
74 788
716 683
589 179
100 64
393 32
211 809
973 165
830 310
412 251
216 492
228 371
363 540
300 447
184 249
627 655
114 326
80 314
246 331
174 532
191 478
36 541
496 10
350 181
544 472
526 216
284 195
731 618
752 860
648 102
192 930
671 167
254 946
182 781
940 18
202 199
791 893
338 519
872 744
175 136
951 635
477 859
136 696
912 329
822 972
996 327
404 605
885 100
875 82
947 321
255 188
708 83
117 187
580 549
339 241
784 34
658 519
440 792
330 468
432 990
315 104
653 256
585 90
829 774
895 381
657 795
538 64
296 619
799 633
427 643
391 100
695 58
917 492
422 954
738 539
116 155
281 330
944 390
249 574
68 6
894 398
755 964
928 569
23 750
284 558
376 951
285 259
863 874
904 84
242 864
417 846
731 236
949 861
984 758
959 468
964 382
697 157
430 66
955 597
498 216
885 796
246 538
820 861
11 79
769 745
755 256
938 224
242 213
886 554
78 535
85 572
686 854
891 192
251 97
180 35
843 677
994 715
977 927
742 665
942 436
420 577
131 398
611 835
868 327
374 152
670 469
817 903
32 89
182 975
734 680
493 774
666 904
903 933
578 172
653 702
549 893
626 352
556 907
463 835
507 519
236 447
488 468
212 48
857 829
306 13
731 788
684 826
166 481
5 941
545 744
718 745
723 789
117 238
338 269
780 500
54 74
875 62
363 711
962 139
73 72
440 837
180 407
387 754
887 911
951 402
662 99
831 872
983 573
875 860
291 511
96 5
957 942
462 116
466 139
124 595
570 964
271 534
182 119
591 217
493 19
525 763
285 374
716 958
954 7
37 801
43 300
361 129
694 77
774 181
544 870
642 603
426 222
47 642
575 112
358 961
894 535
163 757
590 300
497 163
995 444
433 955
468 343
488 314
471 659
865 920
115 833
830 462
433 788
489 912
255 589
957 560
4 981
26 685
118 478
462 893
269 477
433 869
967 224
750 144
791 598
39 717
406 560
216 194
325 544
443 237
972 265
352 898
526 144
52 799
829 481
667 458
122 103
657 176
715 454
97 803
60 145
889 319
143 998
737 755
222 869
705 349
900 816
943 847
175 305
550 359
662 813
701 777
353 123
210 804
619 128
511 478
314 774
64 353
858 891
764 315
732 848
185 531
202 723
679 935
604 282
558 348
202 546
132 925
150 450
745 340
488 971
395 425
414 471
896 370
348 335
480 319
888 172
427 856
238 598
802 868
175 986
966 947
385 226
867 153
111 984
202 772
115 29
290 235
975 269
163 947
184 452
318 365
376 606
216 755
34 956
988 701
419 746
284 308
164 962
113 814
845 501
4 683
171 138
100 60
53 226
644 475
113 959
669 56
78 95
592 43
900 252
513 581
94 304
494 622
639 604
50 302
127 392
832 504
117 354
173 720
891 839
231 478
627 841
30 799
434 188
696 343
725 49
702 655
680 649
339 777
925 530
88 7
308 532
537 966
296 52
120 561
172 154
468 210
344 800
678 325
771 37
813 674
80 810
101 656
871 364
49 317
503 808
182 499
473 749
865 179
867 541
151 332
871 509
816 979
666 641
295 641
704 238
546 705
124 949
434 595
151 75
189 357
654 703
289 729
966 765
247 931
408 249
997 793
950 129
589 511
400 621
25 904
112 807
573 678
578 880
387 889
245 981
711 940
177 669
897 213
972 687
699 865
836 667
116 580
981 568
817 559
506 664
341 905
826 471
77 879
975 810
651 672
48 635
13 711
454 603
661 519
440 245
403 491
51 109
302 735
713 968
203 182
702 92
333 551
138 727
326 304
810 229
5 261
47 254
449 155
514 737
626 381
371 670
424 455
691 395
442 695
903 870
585 541
179 204
142 448
398 622
735 397
888 586
317 513
698 727
880 222
239 693
351 881
286 542
343 603
144 115
255 191
791 179
867 569
904 525
245 373
852 451
157 787
32 728
107 380
262 713
988 259
607 571
956 131
962 994
637 548
193 843
819 555
732 792
609 67
685 238
263 24
729 730
237 743
835 380
564 880
414 47
785 681
590 900
868 558
850 977
465 117
567 492
662 384
591 282
154 667
360 492
283 742
612 698
370 61
227 169
872 327
856 844
618 343
397 938
823 548
916 506
977 252
336 4
485 429
161 495
971 410
775 470
497 802
835 379
440 185
548 860
273 646
549 450
838 985
517 60
939 358
300 203
288 180
933 780
790 655
387 168
669 770
982 331
910 20
539 314
278 322
445 467
544 340
431 160
23 395
970 146
329 362
988 120
491 10
663 202
22 822
615 717
455 415
780 358
140 133
14 666
642 323
287 954
678 397
40 497
993 445
956 39
886 288
444 371
706 602
515 96
296 810
886 339
836 940
839 555
291 17
153 80
281 11
474 540
745 383
824 778
343 306
91 285
879 748
607 829
71 51
922 570
33 644
283 771
785 661
660 359
366 768
137 678
615 375
175 950
991 98
223 558
918 538
81 1
778 185
780 774
979 925
397 893
931 413
863 990
299 103
707 98
289 205
419 862
660 348
925 88
816 354
670 276
837 781
184 195
65 192
946 587
912 839
621 459
549 574
507 855
937 276
868 417
460 359
669 885
194 279
108 433
290 802
403 513
995 123
833 116
196 796
930 754
182 859
97 945
335 363
592 462
17 16
572 326
876 878
791 932
596 332
657 64
349 204
187 273
459 532
444 160
732 563
714 2
808 67
793 689
353 122
841 157
783 806
394 158
974 995
372 49
942 125
672 609
162 691
884 59
371 104
67 190
284 881
230 157
693 731
569 997
775 965
711 971
875 601
202 773
461 56
814 516
301 975
470 846
146 528
946 966
974 462
704 766
544 899
695 438
547 792
646 92
735 783
194 183
626 146
954 749
483 143
636 479
145 315
234 807
846 550
152 718
745 779
88 716
674 879
340 323
199 200
258 895
311 818
41 314
479 104
873 533
144 573
164 560
881 2
584 273
687 836
527 175
341 504
255 326
377 964
593 551
451 949
86 420
643 14
238 739
63 289
210 596
639 445
515 781
224 472
166 479
540 200
563 960
127 126
830 513
323 497
83 508
879 864
457 215
370 880
978 371
886 360
762 298
504 22
912 13
269 640
589 779
20 634
827 890
993 86
371 566
686 51
46 466
202 756
233 218
128 858
25 198
686 269
84 615
197 960
769 199
897 10
945 774
306 888
629 638
673 924
476 81
509 816
366 171
630 948
621 313
484 18
871 614
513 996
722 751
133 923
781 799
485 392
233 679
136 864
772 742
180 26
560 264
66 449
569 46
103 210
492 299
632 694
354 324
757 3
502 884
911 66
91 559
738 498
740 400
304 960
748 907
515 316
218 422
259 420
96 950
859 631
544 333
714 902
587 412
532 619
147 719
43 622
360 762
566 862
522 726
38 295
984 558
28 329
396 229
416 555
572 270
168 92
408 747
282 204
89 766
823 447
477 127
7 487
211 79
653 92
606 964
818 538
793 873
853 629
675 333
770 75
383 730
812 950
25 405
417 574
624 434
954 271
188 587
67 682
858 675
406 752
145 888
802 826
840 249
767 902
570 462
788 377
663 587
689 468
547 124
996 331
505 929
797 685
180 664
291 592
983 460
252 58
380 103
117 355
128 354
648 633
441 989
5 164
206 735
963 928
53 168
935 62
60 724
665 558
80 250
851 791
946 725
782 407
696 980
844 244
20 406
499 191
119 40
89 17
229 568
634 974
532 297
866 399
630 604
526 779
428 994
696 50
473 255
718 919
94 265
408 954
231 400
530 201
202 150
425 909
970 358
799 743
697 569
826 28
293 142
645 441
5 538
501 43
469 589
365 748
508 236
249 132
154 503
407 779
46 185
84 116
395 963
268 83
143 829
336 857
905 742
684 602
650 966
316 310
317 619
818 144
322 963
70 365
257 128
645 893
427 592
672 949
241 830
842 694
452 180
988 6
150 407
708 389
452 219
93 727
299 184
64 963
581 802
675 165
329 234
629 566
850 837
281 582
870 256
911 454
767 664
248 606
593 237
901 316
828 780
833 670
48 259
561 911
377 778
357 292
217 753
753 487
146 719
309 129
425 412
777 887
55 613
95 769
223 348
635 884
835 342
484 776
910 292
220 770
761 718
295 895
608 630
401 86
675 734
57 532
153 725
616 357
198 327
143 706
19 464
627 871
459 809
79 704
151 215
229 927
326 802
635 921
142 441
768 187
684 792
249 975
675 551
895 64
734 198
187 385
26 1
391 379
598 625
233 451
885 203
945 174
304 306
110 746
202 721
941 58
432 747
923 499
417 675
328 7
145 951
548 777
500 781
49 418
896 372
51 386
945 793
730 593
656 340
493 469
721 882
140 903
161 219
612 748
764 807
272 875
215 682
850 696
727 2
752 886
754 152
917 316
377 919
233 603
678 733
290 754
517 849
977 852
338 986
565 69
97 641
707 268
302 560
930 498
878 359
173 92
477 598
756 839
762 772
623 529
679 291
354 114
598 209
506 169
612 878
752 129
131 230
334 995
117 273
597 39
947 774
667 89
446 956
620 31
622 900
255 52
687 251
176 555
788 802
787 721
148 577
899 395
780 446
563 822
386 746
883 533
476 69
22 473
760 328
499 284
112 635
673 704
188 535
557 44
664 812
2 687
976 526
573 676
668 972
558 328
876 795
261 492
403 855
243 174
970 508
580 23
731 133
609 737
242 970
426 261
571 628
882 186
954 799
685 733
600 907
366 394
78 574
928 301
431 330
358 798
930 375
566 661
217 251
997 445
711 387
967 789
454 1000
554 458
744 980
618 821
514 844
473 226
973 533
522 703
355 194
619 625
856 349
397 473
442 706
170 725
440 1
1000 540
654 3
838 300
74 393
627 863
973 840
355 416
749 272
862 49
684 849
922 874
546 942
196 523
179 895
951 741
741 785
987 689
850 395
120 916
857 625
396 347
907 483
559 710
746 281
802 601
196 440
606 743
233 874
758 546
158 884
414 386
606 630
348 130
24 376
703 536
577 924
337 151
284 954
894 397
970 613
845 887
276 86
667 655
375 1000
30 221
343 14
698 107
628 232
465 132
564 656
661 214
241 349
385 475
688 146
876 164
531 694
573 105
601 663
977 242
741 105
890 693
392 312
47 600
626 809
433 924
879 255
493 80
310 526
756 618
960 939
171 212
688 506
998 667
431 366
289 993
221 838
900 692
136 140
835 266
543 965
674 916
397 283
180 221
540 845
452 726
783 155
308 313
239 557
424 278
406 848
71 234
936 369
620 321
621 152
969 719
478 139
979 418
482 854
412 525
258 167
900 646
339 944
32 536
126 488
474 841
199 363
999 253
503 95
279 445
762 355
892 994
205 713
331 786
119 903
136 772
468 595
510 244
25 12
194 749
430 533
694 294
788 687
594 954
310 63
6 804
300 1
393 673
746 81
621 867
920 135
896 280
194 911
214 458
819 852
768 962
971 717
368 870
129 792
992 288
976 869
704 660
543 357
67 52
803 712
306 912
803 648
842 814
426 221
262 879
502 608
219 270
886 666
318 86
601 538
12 977
381 558
916 271
534 842
50 805
995 270
851 818
856 584
109 100
293 365
612 13
99 466
616 72
688 629
781 520
48 916
494 593
964 660
653 590
56 366
44 971
833 74
22 327
669 740
128 924
526 151
505 233
303 26
285 763
770 605
468 788
93 434
886 241
675 968
148 840
921 584
95 341
444 51
749 728
142 446
903 569
73 152
779 580
961 633
505 293
19 911
149 836
150 231
524 912
746 768
799 286
400 870
742 476
279 566
174 344
175 641
749 796
404 229
98 910
561 494
263 98
67 357
585 480
489 27
607 787
115 113
867 958
742 62
284 994
588 916
254 868
167 791
629 920
413 179
52 501
955 432
99 562
266 439
677 855
732 262
695 434
938 389
780 652
521 260
812 765
426 64
445 996
651 697
753 275
310 758
539 696
105 976
742 725
467 645
492 336
661 593
979 629
60 524
414 707
436 319
94 311
757 669
294 949
612 176
890 318
49 886
929 650
271 495
633 528
425 955
133 394
357 89
691 432
674 702
532 704
537 858
535 739
312 611
527 797
247 621
801 545
538 436
728 90
259 218
66 752
303 653
553 226
224 312
618 469
443 6
995 597
465 578
672 528
32 703
595 815
110 788
241 923
311 7
187 29
816 491
413 595
710 971
549 455
201 169
974 876
599 577
413 964
694 383
72 218
662 153
976 624
547 886
65 613
954 947
270 742
474 325
497 556
392 592
708 478
157 368
251 541
932 518
664 860
461 218
157 225
910 929
646 126
756 369
152 415
940 136
29 935
376 647
747 670
181 28
459 342
738 951
152 270
885 772
299 417
534 629
928 447
871 753
427 261
378 477
730 118
860 757
590 410
259 604
503 891
852 709
657 561
290 286
346 750
520 375
225 8
838 515
964 730
434 381
610 994
38 123
961 116
47 251
412 260
948 374
472 39
739 43
577 132
597 73
139 865
446 639
583 106
394 922
911 659
273 219
772 203
847 529
460 655
463 792
623 778
827 589
130 279
670 953
909 95
838 801
201 922
331 523
776 492
841 202
628 646
335 240
309 981
611 545
81 606
661 452
249 736
876 459
110 675
611 654
408 169
697 74
194 646
371 374
656 511
827 102
867 873
284 955
693 529
803 497
321 496
829 605
132 743
538 878
759 784
832 591
928 654
525 548
989 119
370 169
777 639
542 185
465 251
17 818
694 20
197 708
290 486
595 593
51 751
413 492
180 265
255 887
367 869
425 422
647 375
885 792
194 253
782 490
592 617
185 486
42 441
981 842
468 627
130 901
237 74
959 775
847 501
159 975
725 454
273 806
411 898
910 104
435 8
442 884
478 110
812 890
669 799
640 523
392 47
699 337
131 144
749 818
408 811
243 916
108 110
912 678
883 912
919 200
724 352
482 855
853 324
875 276
452 611
367 339
252 845
829 187
447 808
13 398
732 554
127 48
933 333
672 745
124 794
359 157
715 653
410 317
140 998
475 465
37 634
349 312
372 79
599 89
785 616
591 197
788 569
326 520
537 511
332 717
228 526
927 22
93 676
730 635
605 856
411 33
569 680
876 860
608 130
772 779
719 694
765 936
465 231
786 731
369 964
71 251
962 312
333 139
983 466
534 984
169 628
280 443
9 195
392 213
237 157
184 87
104 749
218 518
693 90
472 850
90 385
769 634
554 496
989 991
153 256
347 854
915 449
721 498
425 205
407 357
501 378
391 778
730 320
967 109
643 587
991 123
832 400
887 442
892 492
911 858
36 672
365 428
882 534
518 520
959 622
339 881
801 516
80 512
718 815
847 713
960 483
427 987
452 583
680 994
519 859
921 504
796 904
957 288
197 405
120 862
249 958
909 248
352 747
918 14
131 840
686 26
323 720
362 118
219 899
699 413
112 593
836 786
158 802
305 222
162 289
699 10
723 384
465 400
194 718
230 144
664 978
684 493
206 89
372 321
233 29
72 413
698 177
183 443
976 947
629 615
150 544
946 778
465 178
945 872
472 754
159 434
586 618
953 357
669 353
851 514
870 290
676 639
590 157
890 891
626 816
971 470
384 710
71 835
869 113
835 167
822 990
731 502
34 666
143 108
630 760
761 895
317 297
553 187
536 887
422 108
125 320
688 530
228 299
247 217
782 252
344 488
531 60
345 81
143 258
833 164
857 46
14 21
290 837
294 773
832 508
282 981
805 391
628 798
807 633
691 564
454 722
501 112
269 492
4 265
512 6
710 159
782 824
92 706
143 966
97 188
723 864
191 970
982 963
983 740
269 812
550 647
678 456
336 803
117 162
103 83
343 544
852 21
509 280
109 461
762 408
374 930
857 493
179 688
644 488
756 190
295 530
372 135
466 188
768 766
396 663
589 618
923 686
758 880
479 727
278 518
893 69
380 372
314 346
725 892
53 219
506 962
416 422
396 836
722 318
544 930
216 723
986 507
54 283
31 412
247 494
15 484
454 716
953 99
99 271
694 730
661 515
721 280
420 525
448 517
252 358
551 468
27 462
228 682
265 323
59 70
994 258
759 6
373 839
523 716
964 874
839 110
307 105
113 266
596 417
906 757
411 199
51 108
848 594
758 501
540 184
944 785
933 839
602 609
567 657
568 305
92 41
294 515
412 602
311 324
460 878
874 496
624 215
18 592
311 690
67 625
582 80
505 732
914 662
581 152
262 229
767 173
885 441
491 622
556 458
849 592
185 967
850 171
353 641
672 795
197 784
664 923
93 863
471 135
353 754
372 266
152 184
988 19
629 942
337 38
564 739
11 165
840 75
237 517
608 231
241 450
560 122
651 917
615 476
836 415
142 552
489 268
716 629
788 90
493 300
156 412
437 996
621 560
33 79
454 665
318 440
214 249
531 809
750 415
181 992
950 788
4 879
167 141
78 536
426 25
397 648
355 295
664 373
581 772
997 479
677 465
18 525
264 210
66 194
70 762
442 885
776 77
423 730
299 584
984 240
787 847
862 241
735 72
934 829
863 233
575 549
691 24
140 306
835 689
75 975
558 1000
619 778
892 798
736 558
109 740
130 107
41 860
26 40
870 921
672 746
664 682
426 869
575 872
541 776
486 97
982 890
361 445
127 785
336 634
957 568
858 787
452 32
325 318
572 849
205 344
481 371
751 445
190 573
719 915
817 175
621 865
972 525
534 268
959 447
979 687
464 139
851 617
881 734
254 552
846 812
573 972
686 661
670 126
33 107
694 864
648 536
582 949
384 618
593 396
924 876
85 280
503 249
565 110
570 916
113 103
407 503
579 862
854 68
748 959
640 714
881 26
60 473
338 791
857 209
948 184
397 398
951 875
437 957
701 320
919 265
482 22
874 884
31 729
913 176
416 648
435 148
305 953
4 135
170 683
213 528
526 4
895 879
292 410
644 951
739 499
558 917
500 293
174 930
197 259
126 443
680 995
643 249
348 657
430 197
461 497
403 848
614 604
27 844
546 980
139 406
227 905
182 488
787 694
98 315
563 991
267 298
947 444
141 333
898 72
795 122
349 490
940 723
658 584
440 981
794 440
912 689
906 734
548 111
586 806
552 362
534 462
336 757
174 457
487 514
271 625
182 84
662 354
867 928
656 343
876 818
242 850
926 454
158 108
436 854
224 166
604 569
997 83
712 221
819 762
439 754
928 405
580 579
765 328
124 48
859 143
56 208
807 167
391 220
356 131
801 10
679 105
76 2
5 10
498 876
616 23
209 487
963 778
530 475
77 476
604 744
517 239
421 218
136 70
806 199
554 100
699 439
26 573
208 680
227 404
670 534
929 648
878 725
166 241
39 637
581 464
798 722
598 104
514 649
787 903
936 331
847 575
494 845
886 211
745 989
981 325
675 998
45 89
895 771
934 837
757 814
39 931
27 955
127 122
644 826
419 345
518 791
743 348
827 52
28 519
3 195
706 926
68 507
412 789
396 434
861 34
220 174
405 460
135 855
908 469
936 790
187 140
850 196
339 313
547 252
569 916
333 762
884 27
558 476
137 512
340 981
824 710
515 491
58 2
993 933
261 431
618 90
929 413
59 660
759 959
775 186
834 530
416 423
534 679
919 943
299 18
526 759
216 724
398 362
954 794
114 15
974 345
636 392
357 377
323 297
694 808
553 836
249 279
650 130
997 297
506 276
274 238
773 216
248 963
561 694
878 407
421 254
632 765
299 734
208 365
450 862
515 574
256 651
903 959
812 912
731 608
611 22
957 254
942 658
264 277
943 447
912 417
364 158
607 98
848 595
406 479
210 564
83 702
209 911
620 495
464 886
257 621
39 839
723 910
762 104
447 822
926 458
247 736
272 46
454 314
771 4
577 341
151 510
11 651
66 722
841 200
469 663
758 775
808 283
3 332
111 709
336 927
580 434
515 297
17 221
919 249
798 408
11 966
156 750
324 7
333 207
171 764
82 465
530 957
167 840
684 438
996 480
372 442
580 231
198 905
693 384
474 470
862 829
311 62
651 916
780 624
785 974
592 684
384 865
987 89
959 466
739 303
564 514
160 984
252 54
881 642
864 944
756 710
557 499
872 475
724 1
412 166
656 972
683 37
462 825
104 244
912 961
802 365
897 340
113 122
761 822
893 340
264 68
928 187
252 651
933 934
754 197
956 521
857 244
46 852
288 201
649 609
408 958
632 904
887 464
185 397
108 969
341 444
624 808
347 839
49 525
805 835
588 802
494 773
244 600
167 412
597 988
720 203
50 433
652 221
752 91
593 83
292 502
596 164
733 705
738 245
430 207
236 746
741 899
436 58
732 842
457 892
171 570
627 297
228 697
818 377
106 489
197 866
609 98
149 15
228 520
512 525
34 321
693 973
220 436
578 770
580 180
289 885
242 815
81 235
544 781
177 728
395 353
898 600
479 959
252 235
437 87
989 650
683 355
665 748
886 588
124 45
694 865
73 889
226 637
445 138
12 972
877 826
356 315
152 759
924 877
801 222
86 64
320 408
85 136
982 398
860 814
455 10
298 323
249 407
29 465
341 495
436 371
682 493
977 671
601 219
745 444
662 618
944 843
639 388
16 318
143 639
312 569
222 666
628 986
240 811
791 16
859 478
581 428
943 853
678 418
239 744
480 137
961 638
249 956
434 364
178 320
935 890
741 935
102 985
219 901
720 878
917 332
918 255
921 137
922 242
82 119
549 640
513 471
920 463
448 740
233 114
478 960
506 829
103 493
361 214
489 425
264 625
453 671
574 597
744 288
120 506
293 109
431 604
38 918
760 714
190 301
483 293
540 34
113 800
78 550
725 553
673 70
565 976
130 859
967 6
976 497
539 288
796 260
126 905
388 22
971 334
621 426
94 314
722 815
213 200
235 640
986 968
902 894
806 87
554 244
938 855
740 735
209 785
619 550
265 519
106 767
285 732
700 701
117 21
406 304
463 769
579 744
467 288
321 744
434 9
886 67
335 507
337 92
819 390
912 356
24 932
505 341
280 130
148 589
405 346
300 896
529 894
500 613
22 866
421 960
685 371
126 1
823 229
441 415
836 880
766 497
452 121
842 417
606 670
263 67
492 973
680 427
920 346
479 721
426 495
633 397
508 167
609 303
789 120
516 960
684 98
704 562
284 624
767 719
202 110
759 559
544 932
350 608
133 902
206 708
370 82
211 814
431 522
916 339
927 625
800 764
603 225
643 854
91 949
437 673
999 151
212 615
764 404
490 769
648 783
189 369
514 840
972 248
921 890
813 828
722 787
706 396
377 258
449 157
325 994
880 359
56 297
645 319
2 137
338 623
288 396
435 207
524 535
304 690
32 897
331 447
316 457
745 841
466 346
321 613
287 344
59 383
809 216
277 466
336 882
5 963
173 353
727 862
72 908
235 168
733 723
425 592
983 673
197 252
804 84
864 279
168 270
97 440
581 134
379 786
585 67
864 390
992 75
5 856
831 706
278 710
997 726
589 396
915 671
609 438
148 310
495 217
760 70
470 937
550 877
936 529
806 870
664 187
177 524
379 852
573 934
348 76
891 507
693 161
540 564
104 102
233 646
531 811
589 33
40 608
151 522
6 267
375 40
378 508
267 765
471 629
330 635
238 864
544 285
910 508
696 72
750 255
200 823
240 324
991 243
151 1000
89 97
736 996
918 158
632 905
869 612
874 798
302 479
786 88
623 597
368 119
334 940
575 726
28 315
1000 636
193 121
740 614
156 663
683 654
80 857
121 3
675 526
782 758
344 798
588 513
607 359
353 80
596 20
210 827
671 730
598 622
603 816
81 558
888 330
671 875
163 64
201 149
18 115
455 792
738 468
962 960
926 703
908 414
12 171
305 183
20 686
665 183
296 590
337 358
698 809
349 727
189 930
835 583
319 291
340 782
521 673
870 426
599 872
533 74
416 823
920 1
189 644
99 910
963 101
926 123
305 523
898 712
973 4
958 936
46 826
506 619
721 68
243 392
835 204
623 587
927 740
750 441
536 239
351 406
569 105
436 176
567 420
80 362
812 571
673 411
838 575
86 592
607 29
867 595
240 255
294 796
478 73
890 137
193 175
496 734
87 847
787 877
347 930
757 935
614 880
246 84
72 663
490 650
112 136
330 83
296 95
683 605
117 425
710 182
306 40
382 775
862 13
809 20
871 321
533 712
127 977
771 95
922 977
447 1
892 915
699 289
444 412
357 941
548 26
842 315
36 69
262 368
706 858
467 248
323 866
896 474
568 807
341 553
631 824
244 480
638 16
732 77
950 188
42 937
632 73
120 285
86 566
31 339
147 430
519 62
465 183
284 621
33 299
397 778
803 283
531 486
777 948
335 670
767 699
845 29
648 679
295 60
927 920
190 210
543 746
11 461
530 567
103 803
695 575
57 127
405 701
742 638
800 721
861 878
621 647
694 765
623 883
570 967
38 881
575 977
539 700
21 909
812 648
319 872
583 719
470 268
460 306
551 670
229 783
855 923
5 298
284 247
787 792
769 869
702 445
430 328
571 858
734 506
862 207
130 668
22 918
888 966
524 620
64 491
311 135
456 594
183 641
518 890
614 751
482 794
871 276
732 638
776 500
675 710
378 390
287 244
509 420
491 857
438 864
538 338
603 888
514 203
310 302
439 78
237 496
353 777
816 495
463 324
766 359
567 882
309 622
16 886
724 369
935 639
276 456
347 461
250 853
272 543
55 316
171 291
392 596
814 699
146 991
133 739
650 479
814 554
769 507
646 931
576 384
238 107
440 414
225 876
320 692
800 654
656 994
308 157
988 527
919 655
781 874
930 368
169 962
710 831
498 910
635 819
485 660
911 72
968 690
686 980
113 45
544 353
798 570
431 439
749 88
109 584
787 199
271 350
739 222
614 990
99 127
212 326
543 770
919 307
839 268
506 214
296 136
960 447
87 650
325 771
646 606
700 305
849 905
810 401
117 97
852 244
357 690
480 441
913 920
844 624
520 774
406 63
458 340
736 500
757 34
636 246
248 206
638 511
250 548
732 864
110 820
609 235
121 305
304 255
586 237
715 963
864 391
992 76
393 575
342 676
286 178
289 766
272 492
498 268
745 277
980 596
802 820
90 962
307 9
647 60
318 754
394 34
750 721
608 250
203 702
383 772
578 990
725 797
968 786
253 376
56 940
698 487
731 612
220 615
760 660
959 476
711 687
915 858
740 205
568 665
817 588
699 608
322 85
125 512
471 628
19 111
310 690
646 312
195 860
415 801
821 814
716 52
40 557
80 286
152 955
696 56
553 721
131 263
408 896
423 727
339 744
615 371
184 507
16 516
117 291
64 969
874 686
140 350
929 551
967 427
19 555
39 916
153 541
210 534
853 320
47 505
658 814
291 939
753 756
917 995
774 948
249 139
338 370
908 810
823 409
488 167
311 165
594 579
177 764
650 881
488 682
340 331
32 652
419 92
438 808
444 505
933 39
475 469
405 2
978 452
270 532
222 717
978 87
230 232
932 356
571 44
537 108
684 261
651 212
344 891
726 392
354 851
959 274
600 780
983 136
909 741
180 715
371 745
920 2
618 291
447 95
887 671
252 229
270 508
972 750
114 194
915 811
980 957
981 470
712 307
143 231
788 232
937 722
618 709
322 6
472 935
399 33
169 794
24 152
19 751
507 876
350 234
316 846
464 601
711 215
643 591
227 458
251 464
696 323
534 661
273 22
57 655
701 206
683 975
904 445
248 586
389 584
728 212
321 770
982 138
628 949
610 136
465 959
27 976
984 493
782 800
325 219
507 680
990 199
39 777
957 262
886 404
745 768
418 606
330 306
974 635
633 955
193 746
535 158
546 878
760 306
278 941
743 27
376 59
380 515
638 472
242 540
22 422
154 870
785 584
753 264
29 523
546 407
124 655
876 670
625 922
366 948
461 928
854 985
264 912
621 834
149 859
590 967
647 4
315 743
462 378
567 301
57 412
735 471
169 698
744 290
764 829
945 765
105 360
312 206
467 938
780 649
715 188
831 46
807 993
82 987
88 548
394 431
290 524
682 794
947 658
956 604
155 326
341 16
113 145
403 693
522 645
160 462
772 629
92 777
78 712
773 788
316 193
709 918
140 407
347 897
60 222
745 962
209 928
430 440
13 240
325 814
115 758
351 990
746 572
196 541
610 31
187 306
746 981
634 393
374 644
798 554
567 943
272 84
168 133
405 344
984 994
904 537
232 856
283 628
111 576
617 587
282 260
605 58
418 836
77 449
667 923
390 294
112 749
162 321
384 203
58 414
96 197
958 710
174 488
326 743
936 567
462 295
375 514
836 16
858 488
168 103
270 666
570 420
219 62
416 830
917 177
831 287
997 995
444 997
189 950
730 686
548 499
586 650
493 324
242 964
130 740
959 443
407 213
176 474
512 388
270 436
853 5
497 146
629 974
635 980
483 323
212 899
103 838
175 105
532 62
733 715
811 1
460 113
6 301
222 481
610 669
95 251
498 911
731 327
683 216
151 966
333 991
469 239
967 160
327 1
682 16
350 162
813 826
795 851
759 2
907 865
605 696
680 753
610 878
888 884
117 334
123 915
105 930
568 326
382 610
992 658
844 659
574 380
122 423
681 122
611 249
809 222
573 173
136 560
250 434
145 710
519 556
814 24
528 385
638 508
253 834
477 282
261 861
408 319
824 903
287 9
167 615
884 971
116 125
283 894
34 312
162 357
208 491
86 524
367 29
543 510
926 498
360 325
875 550
713 455
767 540
94 922
741 433
10 19
284 598
945 692
711 793
512 497
567 277
898 738
355 730
446 230
51 754
346 58
935 422
556 921
795 755
190 235
636 431
268 849
734 996
529 47
129 577
919 658
371 530
688 496
265 385
765 766
15 117
270 401
402 26
220 821
39 339
422 89
243 716
908 211
321 106
160 40
532 982
661 660
540 843
722 866
652 781
635 79
853 252
990 142
503 311
217 90
900 658
407 205
416 864
899 781
902 640
891 775
841 219
584 893
344 194
458 118
477 954
297 204
173 417
669 572
184 730
447 855
531 812
309 786
148 656
899 440
866 957
465 636
709 273
305 971
801 974
783 714
988 328
662 905
511 301
685 296
120 950
505 764
16 145
992 250
404 856
361 477
35 28
756 242
794 467
797 944
64 572
556 313
115 155
447 376
251 619
345 738
573 742
889 561
655 564
585 296
863 945
883 15
441 32
336 442
797 323
873 229
46 969
86 778
629 672
298 778
744 342
68 656
128 325
609 924
795 735
428 520
765 273
329 865
610 722
919 694
616 83
108 651
769 637
420 543
833 290
119 5
484 646
481 533
144 713
218 502
791 617
460 343
709 800
47 201
490 982
222 417
687 793
378 99
490 633
307 421
990 938
352 522
687 910
320 40
936 807
168 655
459 703
27 979
725 168
286 700
515 934
5 904
176 518
49 264
491 895
19 804
828 22
407 661
33 892
709 209
913 752
608 648
935 887
628 763
311 57
629 46
64 378
50 773
869 571
70 320
589 752
534 83
242 541
797 995
779 344
282 336
429 479
818 405
287 961
571 218
384 224
607 648
101 295
447 271
927 241
16 923
590 853
132 789
182 958
446 745
188 366
196 156
956 758
717 366
755 903
152 26
525 615
234 313
586 663
402 670
504 555
640 110
567 349
954 770
629 644
884 609
48 761
176 398
161 62
933 648
698 271
76 175
848 400
243 614
290 16
764 28
929 49
381 716
420 684
204 75
43 975
636 70
445 143
769 601
437 763
207 725
160 80
252 718
470 381
147 842
666 934
925 711
843 66
860 956
130 747
517 397
817 257
260 890
264 381
947 32
932 521
948 271
861 634
273 241
348 595
75 173
900 426
445 275
490 661
571 717
537 973
919 15
779 952
922 765
218 782
296 972
594 520
331 754
258 933
580 715
322 915
511 485
828 425
784 413
387 565
376 88
629 179
336 582
962 774
28 848
470 529
109 627
842 428
524 723
462 437
486 271
270 496
205 493
116 824
797 745
251 531
953 283
661 74
246 874
483 612
581 739
930 61
987 52
608 335
371 795
582 727
627 458
954 806
6 403
102 552
937 553
901 398
685 615
24 255
321 284
1000 797
604 601
455 169
590 412
42 94
647 559
677 568
725 300
359 546
472 190
878 866
458 369
648 129
523 707
708 717
397 466
201 721
949 1
776 37
99 206
28 210
726 825
50 310
947 60
584 834
64 230
231 330
550 506
235 178
899 206
762 116
11 574
502 443
140 154
552 234
680 959
454 318
365 657
520 776
776 402
745 735
706 591
211 87
895 1
693 330
2 70
135 806
124 867
213 670
676 26
236 529
75 661
517 456
158 748
50 973
768 544
373 288
254 117
633 332
102 57
840 146
159 194
145 880
899 645
148 305
208 492
537 650
233 547
502 831
540 657
271 693
680 394
348 264
589 816
830 495
737 472
295 224
298 644
355 589
135 379
727 253
12 710
180 352
937 875
864 965
168 988
522 183
744 379
925 218
581 616
548 615
590 222
132 402
117 892
336 253
450 109
877 850
915 205
365 126
773 151
302 657
672 936
322 83
472 892
768 313
329 725
471 630
305 145
596 893
463 646
906 411
397 276
787 116
226 806
450 702
913 318
644 186
39 688
297 17
481 732
339 746
838 752
749 459
52 781
255 262
913 565
853 941
895 886
236 433
369 528
429 822
486 681
801 739
236 448
678 299
628 962
796 930
301 380
49 739
191 952
585 945
892 795
197 443
657 959
37 258
704 1
505 570
316 351
10 670
712 524
647 732
676 175
469 695
698 611
770 180
349 670
734 703
112 555
888 444
118 175
282 381
269 593
149 81
131 624
903 150
263 119
819 959
61 406
289 777
343 442
921 805
38 652
719 783
520 703
372 410
409 656
641 77
310 848
78 300
794 613
299 193
449 764
926 126
15 568
739 719
688 191
797 499
11 418
397 965
436 925
650 474
898 886
298 922
86 981
787 434
165 458
743 909
228 430
751 850
904 197
722 692
191 395
820 89
592 200
665 812
205 437
445 44
139 961
377 334
284 238
964 792
515 634
352 924
852 985
427 903
313 763
204 531
434 97
93 316
403 998
265 969
250 265
197 270
473 622
556 131
97 170
593 877
878 894
438 923
663 86
22 90
282 447
653 156
547 489
361 670
692 710
1 477
885 211
852 268
943 951
893 744
719 929
254 34
111 671
257 228
240 967
945 55
913 529
148 378
166 967
854 876
819 923
803 62
164 142
453 633
183 738
505 874
132 677
766 397
101 24
985 909
488 211
604 161
129 893
60 967
498 52
850 801
744 292
615 483
68 870
459 391
586 743
733 628
38 906
76 345
497 244
765 323
414 921
419 869
494 171
523 363
263 684
806 286
492 725
848 32
151 591
118 390
635 808
356 287
398 92
420 572
296 482
669 959
49 798
404 620
588 49
528 844
184 454
562 551
999 638
450 537
182 828
273 240
956 787
830 812
784 644
164 366
292 443
738 87
45 669
510 815
967 985
507 694
204 750
596 216
37 740
987 685
474 236
291 242
215 679
580 564
728 895
432 268
254 463
426 806
851 123
413 556
514 121
385 11
738 411
885 344
854 793
823 22
24 356
150 484
174 494
253 15
54 64
578 838
870 486
600 710
432 840
340 833
659 763
223 728
704 676
727 216
418 262
954 948
169 660
385 503
439 700
116 991
815 885
530 647
790 27
752 827
401 569
739 519
816 780
247 484
49 18
820 844
342 24
787 381
792 293
761 940
274 840
677 598
324 898
368 274
377 548
639 772
70 513
472 784
56 463
130 938
921 973
321 61
857 227
933 798
757 634
903 954
1000 302
579 938
284 214
760 186
678 34
644 86
37 732
304 807
360 739
515 707
383 137
312 518
353 366
5 557
355 424
142 462
447 829
982 630
348 854
700 419
538 258
176 719
999 209
965 961
287 213
89 630
879 911
921 299
832 922
690 472
196 273
680 222
851 23
728 714
662 645
944 290
693 745
197 794
922 599
862 516
756 15
206 104
229 393
323 972
196 70
400 579
220 348
917 98
21 413
578 938
923 817
823 792
686 528
409 548
488 43
346 137
879 33
213 134
169 752
955 497
292 592
569 375
74 831
881 645
433 916
603 719
80 243
981 851
982 244
105 576
512 128
604 574
113 125
864 659
99 446
356 471
873 587
252 640
750 131
915 426
312 853
981 949
817 956
283 754
496 33
353 424
773 847
28 128
66 847
965 609
468 975
473 951
397 501
75 231
882 749
848 933
255 209
852 821
429 932
636 988
363 160
718 986
240 949
627 771
922 807
849 166
62 626
464 813
657 82
416 576
127 168
516 147
350 329
335 345
852 11
822 935
549 213
295 797
558 861
943 813
69 112
141 291
861 244
240 738
222 918
741 910
528 495
782 532
197 220
24 702
416 443
172 270
266 483
729 659
396 710
861 406
955 81
129 838
158 856
159 636
386 953
721 764
24 348
98 853
963 331
891 861
662 459
372 411
51 818
732 395
21 290
977 52
81 127
689 376
102 663
986 266
720 338
452 682
506 631
695 471
574 388
959 490
103 904
221 817
977 871
815 515
198 515
381 663
844 17
294 54
902 945
708 800
65 222
857 170
469 52
289 406
143 311
517 6
97 749
369 832
939 444
613 685
136 63
815 353
149 689
22 543
667 342
838 733
985 191
329 419
795 355
559 221
264 466
728 215
842 156
32 862
397 106
292 384
919 229
278 215
255 802
814 261
338 450
853 353
412 617
843 279
22 232
995 720
688 402
66 740
16 465
988 447
424 624
164 41
790 237
670 252
991 548
761 115
429 60
267 288
729 461
32 683
841 139
642 428
384 452
112 505
130 248
59 194
64 380
295 808
642 95
435 711
738 500
478 683
430 974
659 768
163 241
475 163
448 761
471 151
698 201
680 436
946 710
54 652
565 615
488 837
381 134
674 825
479 521
560 169
190 500
390 234
566 690
574 606
747 682
972 781
294 481
722 484
38 176
618 661
232 104
693 229
337 534
403 107
886 766
374 957
843 649
184 122
868 44
961 326
669 938
378 304
341 172
129 163
109 64
96 821
322 267
146 93
397 428
914 86
308 761
769 889
717 611
114 568
278 401
389 536
514 643
692 114
809 965
368 179
170 649
340 57
635 174
676 435
640 889
456 598
187 710
294 542
575 635
925 920
16 430
749 692
182 607
647 927
791 51
961 940
857 755
162 523
70 128
735 758
594 518
408 187
117 171
21 858
893 538
620 822
692 731
878 286
235 336
755 553
628 729
814 114
547 277
894 188
417 436
590 661
764 746
422 827
629 177
339 643
798 422
193 789
512 603
487 719
950 237
475 143
737 208
791 503
529 577
135 115
818 435
271 595
309 268
93 741
333 182
261 425
764 638
581 848
840 86
354 790
890 964
762 832
893 207
896 119
220 671
174 690
885 667
542 212
526 761
215 916
4 739
76 513
261 220
669 207
708 779
103 835
921 740
989 894
556 839
795 665
133 18
981 702
229 953
768 351
618 939
506 385
445 458
535 968
688 565
817 919
308 302
990 838
339 720
411 47
412 284
14 504
415 764
770 541
112 79
863 242
785 56
889 716
828 250
776 867
524 739
716 526
563 127
917 572
225 4
867 469
987 648
839 176
523 941
2 68
581 240
729 517
957 352
827 144
6 535
577 585
248 65
457 987
595 29
271 889
777 953
452 90
801 742
831 606
815 849
210 148
393 652
964 61
292 602
169 643
695 191
733 872
715 805
332 903
404 20
975 735
172 216
822 38
21 269
594 449
372 567
29 786
108 877
551 941
755 238
441 122
964 354
933 765
238 11
773 260
777 833
405 640
47 611
873 808
119 382
949 67
75 346
556 811
977 890
959 190
247 120
468 635
363 615
716 417
754 108
720 36
80 131
246 304
434 390
237 467
309 796
133 296
523 656
708 668
639 648
753 61
221 639
701 309
813 795
602 935
66 844
639 537
929 586
424 430
246 77
981 150
982 689
472 442
382 925
883 920
409 399
523 975
452 815
2 262
870 513
282 54
605 300
988 468
274 946
260 713
581 323
169 426
693 953
586 43
54 717
1 503
457 149
928 281
897 829
511 447
131 741
760 137
466 236
344 688
475 326
337 345
689 12
85 907
943 755
345 886
676 798
519 320
831 626
327 979
348 494
102 773
450 314
106 328
659 562
971 708
937 820
869 237
55 649
342 359
328 721
149 890
690 405
81 399
156 511
673 195
525 802
363 805
569 402
843 543
990 753
371 578
483 156
138 801
791 446
113 911
846 977
117 975
958 143
541 125
445 840
749 250
125 544
290 599
829 674
422 120
523 559
800 936
503 359
655 26
496 138
215 531
643 546
916 630
981 978
282 598
246 399
840 814
471 981
717 638
26 595
578 132
744 676
766 801
412 324
516 82
19 474
626 73
482 128
304 183
126 595
514 547
28 216
403 1000
207 310
432 411
72 747
353 6
520 662
139 399
818 458
491 880
918 407
421 581
289 760
486 949
692 704
903 470
984 702
667 947
373 414
512 624
993 780
715 911
827 73
901 834
519 279
477 496
963 409
15 980
71 952
419 299
77 315
98 886
483 764
120 290
176 212
30 243
607 939
276 23
24 40
987 45
492 645
601 675
764 825
769 259
574 558
149 481
301 742
214 201
859 132
51 604
893 509
414 558
397 483
69 262
424 554
24 490
736 889
82 870
29 365
927 596
289 448
273 827
934 432
406 633
812 532
286 5
853 192
726 54
998 811
483 419
288 152
716 120
455 373
45 561
652 679
781 261
213 835
820 349
342 553
395 551
639 422
160 543
681 2
365 537
334 536
763 647
727 963
506 71
533 646
182 463
827 774
810 728
723 217
351 760
338 201
228 217
412 876
35 251
720 945
701 38
11 309
505 697
694 453
681 28
41 703
854 799
376 202
742 872
675 440
215 339
517 860
695 37
239 345
211 760
547 114
453 603
68 934
509 852
589 904
16 738
613 334
3 921
485 219
522 158
831 360
851 550
618 359
227 749
397 954
734 893
56 772
473 349
533 367
699 603
96 756
998 757
644 419
755 416
846 521
170 22
544 759
228 352
783 24
915 400
899 631
520 352
703 273
838 632
624 692
587 312
695 941
517 93
848 812
692 213
456 917
164 430
460 561
959 601
820 305
293 159
424 66
373 97
959 686
563 209
909 453
767 273
614 555
245 39
735 836
793 709
225 27
278 15
120 815
468 361
396 510
886 323
511 410
205 731
272 128
245 746
158 723
716 369
783 912
555 877
352 224
137 980
135 792
840 149
287 922
427 783
873 951
729 855
586 968
290 29
399 493
861 338
775 6
278 570
211 517
711 900
323 95
395 378
118 725
989 526
591 494
557 202
544 855
780 623
756 350
924 927
707 715
48 309
376 674
68 696
894 740
436 900
946 889
74 908
716 339
133 117
6 269
485 546
837 797
109 118
62 923
644 391
57 811
494 464
425 335
815 478
640 742
695 768
735 343
811 271
260 31
756 132
74 753
626 258
679 268
904 10
710 418
383 510
342 998
382 563
238 567
518 549
530 79
627 773
331 448
139 533
265 978
568 725
967 311
314 533
166 530
407 796
504 891
123 979
788 893
205 320
628 105
278 43
837 232
865 247
259 386
315 18
157 715
639 45
589 712
628 274
404 868
867 686
281 23
712 749
605 126
36 303
755 657
665 185
884 43
41 759
486 566
304 111
822 481
401 955
788 689
77 278
336 656
483 707
444 843
375 593
203 704
37 980
580 194
581 791
929 350
146 544
698 21
147 265
979 548
836 507
163 891
612 291
156 504
928 385
102 612
752 837
458 752
882 860
811 60
683 906
388 668
765 301
893 472
218 208
203 780
811 77
616 363
89 165
768 280
385 264
609 882
151 917
748 951
813 200
118 347
818 517
158 285
382 732
166 205
178 823
878 688
718 901
627 880
443 697
785 118
568 258
976 917
637 447
356 777
566 908
678 330
239 640
165 877
645 531
499 751
923 145
799 482
636 704
947 279
952 767
519 995
225 67
153 798
117 213
746 743
310 324
222 624
815 931
927 479
658 576
349 275
814 967
282 348
395 87
819 78
149 44
209 176
615 169
541 510
21 98
59 536
326 66
713 306
664 842
93 560
719 748
480 699
45 429
229 80
876 953
211 219
591 147
669 376
855 109
935 405
169 718
100 82
686 697
531 674
622 315
492 420
207 947
302 861
503 36
638 545
161 419
159 872
260 433
759 279
743 946
651 512
639 877
911 114
496 141
833 258
378 161
160 84
911 995
143 277
277 771
127 447
11 656
577 182
260 870
817 832
75 161
350 485
209 383
728 181
359 361
228 45
986 757
648 342
170 518
690 209
331 88
857 832
947 569
269 978
257 906
956 12
540 371
447 875
981 431
912 234
918 79
3 203
461 571
776 585
425 637
62 874
747 46
205 566
135 847
305 96
646 601
666 171
665 572
559 676
671 958
865 17
215 195
988 961
21 390
336 344
387 868
819 873
253 509
353 997
383 878
497 939
426 377
797 662
854 617
525 903
256 168
76 489
280 222
581 624
971 858
454 682
665 685
445 941
569 789
393 82
589 54
186 635
43 926
716 502
90 479
570 997
688 600
468 720
611 280
218 315
91 571
511 658
78 807
890 489
672 172
804 953
566 520
421 119
117 728
601 235
359 687
985 68
622 983
562 162
274 283
959 600
286 990
256 929
50 910
652 475
812 299
527 949
16 381
66 248
727 998
80 266
213 7
577 301
128 613
135 802
124 895
41 521
745 509
102 162
563 652
234 122
555 876
438 96
724 889
581 16
488 993
342 425
487 749
769 142
664 996
521 829
954 158
228 995
779 501
854 939
871 843
233 51
548 852
163 792
310 217
59 859
580 239
881 600
399 285
807 432
920 44
120 458
500 676
704 818
318 470
750 309
532 104
458 733
39 104
21 749
502 642
124 112
4 848
243 546
315 881
393 223
657 634
160 190
488 347
531 929
659 212
909 70
464 740
514 948
968 724
332 941
966 930
991 248
84 379
77 616
597 273
469 142
165 133
712 14
464 514
147 544
911 840
736 874
790 523
661 881
645 284
320 193
175 205
415 722
718 985
425 778
870 692
192 11
299 865
925 941
24 884
459 615
199 817
515 990
883 696
224 267
743 156
598 609
124 812
110 875
844 993
538 148
22 45
658 97
638 285
224 105
771 499
15 845
785 614
828 732
79 330
120 153
817 85
391 958
896 356
906 773
465 51
621 856
767 942
915 561
629 760
983 134
362 732
285 77
315 590
185 38
618 301
949 131
987 112
59 581
389 476
102 613
627 390
322 722
355 843
664 106
894 912
114 478
385 734
482 346
209 498
265 416
247 730
787 39
15 487
76 102
630 517
78 748
210 886
931 647
895 675
496 241
498 547
598 86
220 796
730 342
988 966
701 343
574 223
243 973
433 625
771 281
865 598
886 204
101 908
374 742
340 32
527 892
681 36
909 169
761 94
575 576
373 352
731 846
681 437
226 266
562 496
549 246
474 816
382 153
735 671
314 665
847 497
633 957
687 344
845 435
987 754
698 515
845 752
202 370
724 211
563 855
789 281
332 660
741 560
978 418
466 206
161 417
324 939
301 57
589 461
1 108
718 147
333 143
239 630
584 211
893 951
764 349
988 877
863 771
105 193
927 786
182 324
552 512
583 386
746 346
730 839
401 593
128 439
592 876
66 351
393 53
930 244
803 638
80 47
389 65
123 131
105 396
218 181
950 610
238 176
5 113
446 413
194 426
911 125
803 860
264 997
723 7
422 154
632 746
929 790
35 835
881 61
848 834
211 347
87 763
790 576
905 366
299 907
781 259
395 712
838 316
948 276
203 375
98 3
351 951
300 715
193 317
726 752
240 221
756 197
127 109
218 779
224 990
888 683
80 792
101 642
196 682
433 200
306 342
737 922
656 119
983 643
463 476
185 712
222 621
957 518
874 164
589 655
183 66
77 507
222 764
98 566
448 681
323 839
15 901
220 453
383 523
846 433
11 34
943 693
563 578
180 619
695 84
326 729
93 738
884 147
116 773
63 798
779 89
817 238
328 781
868 655
102 707
270 527
113 666
167 957
314 467
365 500
81 68
125 787
56 774
458 678
989 714
792 186
591 554
726 147
182 891
642 644
368 647
242 160
910 377
15 617
355 290
735 492
705 649
263 797
360 954
327 110
351 100
668 170
299 713
468 832
514 832
199 48
809 772
247 943
613 318
855 549
476 586
369 926
316 227
139 666
216 55
307 480
900 400
313 794
145 414
623 799
438 549
184 708
412 940
258 70
206 432
667 174
905 757
638 407
50 228
54 740
960 195
482 539
301 53
82 748
684 815
535 220
41 520
82 164
676 918
128 900
681 568
233 872
225 340
603 635
451 246
24 830
589 516
479 684
739 281
241 623
466 952
414 833
368 886
993 585
741 443
618 310
746 259
125 838
987 23
863 1000
419 707
203 27
601 665
194 833
608 479
590 291
277 410
441 1000
25 745
459 252
649 412
371 536
835 361
985 276
267 757
781 964
590 509
152 531
62 58
462 880
341 97
749 164
271 266
991 251
313 512
242 422
406 551
759 79
62 133
446 292
715 237
164 637
492 34
369 809
463 931
999 557
839 68
571 810
787 697
348 609
994 431
84 155
59 661
397 66
628 856
421 332
869 846
602 587
193 530
786 155
538 499
386 100
835 963
801 649
32 532
879 830
848 388
643 20
899 446
679 94
650 888
581 320
728 908
366 726
734 964
775 493
831 776
416 459
419 829
430 839
619 46
680 190
974 768
548 125
652 164
795 284
368 708
281 134
728 601
340 935
343 448
680 476
324 921
276 399
119 697
559 972
429 118
840 2
215 138
457 726
9 413
584 7
786 703
288 858
439 627
777 896
851 627
564 632
489 726
197 685
702 458
661 545
228 117
232 112
453 964
566 732
18 262
471 672
557 656
312 23
790 860
27 508
9 89
372 859
161 374
125 573
787 38
541 235
411 970
640 708
756 880
464 592
374 247
123 437
910 83
36 580
329 470
187 976
99 188
313 482
446 595
41 123
829 498
815 67
726 890
734 401
516 236
866 121
814 265
852 196
37 336
797 936
309 880
52 946
952 641
339 201
323 588
57 490
311 55
259 855
395 392
634 350
706 803
834 131
202 706
171 529
407 625
637 766
505 531
453 467
625 770
148 263
353 711
85 940
818 395
694 286
396 629
385 146
163 834
882 4
132 526
726 950
253 471
577 870
582 594
60 988
738 820
265 144
808 479
271 910
912 627
259 846
78 912
258 775
129 178
501 751
616 775
711 620
728 305
316 660
247 396
88 555
893 506
677 701
768 375
273 687
702 192
596 835
833 407
286 23
392 75
321 187
274 591
659 731
787 66
166 13
294 86
21 774
926 119
626 505
960 653
333 901
62 483
123 337
184 459
778 997
670 687
89 466
36 719
40 778
520 52
739 392
709 544
231 348
896 963
843 166
844 757
911 764
259 185
597 923
758 502
788 391
44 592
634 400
39 174
969 493
319 458
18 611
572 94
990 309
619 924
961 593
28 648
400 815
111 585
535 187
261 866
851 126
234 4
737 123
991 826
850 186
889 800
928 912
871 208
949 518
971 978
148 283
58 900
944 394
410 538
283 792
954 95
718 236
497 984
133 602
832 639
580 245
710 624
592 555
845 215
572 625
137 744
546 148
604 130
971 641
163 604
4 600
519 171
